796732
796732
796732
796732
796732
796732
796732
796732
796732
796732
796732
796732
796732
796732
796732
796732
796732
796732
796732
796732
796732
796732
796732
855941
855941
855941
855941
855941
855941
855941
855941
855941
855941
855941
855941
855941
855941
855941
855941
855941
855941
855941
855941
855941
855941
855941
855941
855941
855941
855941
855941
855941
855941
855941
855941
855941
855941
855941
855941
855941
855941
855941
855941
855941
855941
855941
855941
855941
855941
855941
855941
855941
855941
855941
855941
855941
855941
855941
855941
855941
855941
855941
855941
855941
855941
855941
855941
855941
855941
855941
855941
855941
855941
855941
855941
855941
855941
855941
855941
855941
855941
