68511
68511
68511
68511
68511
68511
68511
68511
68511
68511
68511
68511
68511
68511
68511
68511
68511
68511
68511
68511
68511
68511
68511
74091
74091
74091
74091
74091
74091
74091
74091
74091
74091
74091
74091
74091
74091
74091
74091
74091
74091
74091
74091
74091
74091
74091
74091
74091
74091
74091
74091
74091
74091
74091
74091
74091
74091
74091
74091
74091
74091
74091
74091
74091
74091
74091
74091
74091
74091
74091
74091
74091
74091
74091
74091
74091
74091
74091
74091
74091
74091
74091
74091
74091
74091
74091
74091
74091
74091
74091
74091
74091
74091
74091
74091
74091
74091
74091
74091
74091
74091
