81139
81139
81139
81139
81139
81139
81139
81139
81139
81139
81139
81139
81139
81139
81139
81139
81139
81139
81139
81139
81139
81139
81139
86247
86247
86247
86247
86247
86247
86247
86247
86247
86247
86247
86247
86247
86247
86247
86247
86247
86247
86247
86247
86247
86247
86247
86247
86247
86247
86247
86247
86247
86247
86247
86247
86247
86247
86247
86247
86247
86247
86247
86247
86247
86247
86247
86247
86247
86247
86247
86247
86247
86247
86247
86247
86247
86247
86247
86247
86247
86247
86247
86247
86247
86247
86247
86247
86247
86247
86247
86247
86247
86247
86247
86247
86247
86247
86247
86247
86247
86247
