37719
37719
37719
37719
37719
37719
37719
37719
37719
37719
37719
37719
37719
37719
37719
37719
37719
37719
37719
37719
37719
37719
37719
40450
40450
40450
40450
40450
40450
40450
40450
40450
40450
40450
40450
40450
40450
40450
40450
40450
40450
40450
40450
40450
40450
40450
40450
40450
40450
40450
40450
40450
40450
40450
40450
40450
40450
40450
40450
40450
40450
40450
40450
40450
40450
40450
40450
40450
40450
40450
40450
40450
40450
40450
40450
40450
40450
40450
40450
40450
40450
40450
40450
40450
40450
40450
40450
40450
40450
40450
40450
40450
40450
40450
40450
40450
40450
40450
40450
40450
40450
