211489
211489
211489
211489
211489
211489
211489
211489
211489
211489
211489
211489
211489
211489
211489
211489
211489
211489
211489
211489
211489
211489
211489
251216
251216
251216
251216
251216
251216
251216
251216
251216
251216
251216
251216
251216
251216
251216
251216
251216
251216
251216
251216
251216
251216
251216
251216
251216
251216
251216
251216
251216
251216
251216
251216
251216
251216
251216
251216
251216
251216
251216
251216
251216
251216
251216
251216
251216
251216
251216
251216
251216
251216
251216
251216
251216
251216
251216
251216
251216
251216
251216
251216
251216
251216
251216
251216
251216
251216
251216
251216
251216
251216
251216
251216
251216
251216
251216
251216
251216
251216
