10791902
10791902
10791902
10791902
10791902
10791902
10791902
10791902
10791902
10791902
10791902
10791902
10791902
10791902
10791902
10791902
10791902
10791902
10791902
10791902
10791902
10791902
10791902
10808552
10808552
10808552
10808552
10808552
10808552
10808552
10808552
10808552
10808552
10808552
10808552
10808552
10808552
10808552
10808552
10808552
10808552
10808552
10808552
10808552
10808552
10808552
10808552
10808552
10808552
10808552
10808552
10808552
10808552
10808552
10808552
10808552
10808552
10808552
10808552
10808552
10808552
10808552
10808552
10808552
10808552
10808552
10808552
10808552
10808552
10808552
10808552
10808552
10808552
10808552
10808552
10808552
10808552
10808552
10808552
10808552
10808552
10808552
10808552
10808552
10808552
10808552
10808552
10808552
10808552
10808552
10808552
10808552
10808552
10808552
10808552
10808552
10808552
10808552
10808552
10808552
10808552
