64256205
64256205
64256205
64256205
64256205
64256205
64256205
64256205
64256205
64256205
64256205
64256205
64256205
64256205
64256205
64256205
64256205
64256205
64256205
64256205
64256205
64256205
64256205
64905571
64905571
64905571
64905571
64905571
64905571
64905571
64905571
64905571
64905571
64905571
64905571
64905571
64905571
64905571
64905571
64905571
64905571
64905571
64905571
64905571
64905571
64905571
64905571
64905571
64905571
64905571
64905571
64905571
64905571
64905571
64905571
64905571
64905571
64905571
64905571
64905571
64905571
64905571
64905571
64905571
64905571
64905571
64905571
64905571
64905571
64905571
64905571
64905571
64905571
64905571
64905571
64905571
64905571
64905571
64905571
64905571
64905571
64905571
64905571
64905571
64905571
64905571
64905571
64905571
64905571
64905571
64905571
64905571
64905571
64905571
64905571
64905571
64905571
64905571
64905571
64905571
64905571
