5964327
5964327
5964327
5964327
5964327
5964327
5964327
5964327
5964327
5964327
5964327
5964327
5964327
5964327
5964327
5964327
5964327
5964327
5964327
5964327
5964327
5964327
5964327
6930612
6930612
6930612
6930612
6930612
6930612
6930612
6930612
6930612
6930612
6930612
6930612
6930612
6930612
6930612
6930612
6930612
6930612
6930612
6930612
6930612
6930612
6930612
6930612
6930612
6930612
6930612
6930612
6930612
6930612
6930612
6930612
6930612
6930612
6930612
6930612
6930612
6930612
6930612
6930612
6930612
6930612
6930612
6930612
6930612
6930612
6930612
6930612
6930612
6930612
6930612
6930612
6930612
6930612
6930612
6930612
6930612
6930612
6930612
6930612
6930612
6930612
6930612
6930612
6930612
6930612
6930612
6930612
6930612
6930612
6930612
6930612
6930612
6930612
6930612
6930612
6930612
6930612
