1980303
1980303
1980303
1980303
1980303
1980303
1980303
1980303
1980303
1980303
1980303
1980303
1980303
1980303
1980303
1980303
1980303
1980303
1980303
1980303
1980303
1980303
1980303
2200342
2200342
2200342
2200342
2200342
2200342
2200342
2200342
2200342
2200342
2200342
2200342
2200342
2200342
2200342
2200342
2200342
2200342
2200342
2200342
2200342
2200342
2200342
2200342
2200342
2200342
2200342
2200342
2200342
2200342
2200342
2200342
2200342
2200342
2200342
2200342
2200342
2200342
2200342
2200342
2200342
2200342
2200342
2200342
2200342
2200342
2200342
2200342
2200342
2200342
2200342
2200342
2200342
2200342
2200342
2200342
2200342
2200342
2200342
2200342
2200342
2200342
2200342
2200342
2200342
2200342
2200342
2200342
2200342
2200342
2200342
2200342
2200342
2200342
2200342
2200342
2200342
2200342
