1292244
1292244
1292244
1293409
1293409
1293409
1293409
1293409
1293409
1293409
1293409
1293409
1293409
1293409
1293409
1293409
1293409
1293409
1293409
1293409
1293409
1293409
1293409
1418442
1418442
1418817
1418817
1418817
1418817
1418817
1418817
1418817
1418817
1418817
1418817
1418817
1418817
1418817
1418817
1418817
1418817
1418817
1418817
1418817
1418817
1418817
1418817
1418817
1418817
1418817
1418817
1418817
1418817
1418817
1418817
1418817
1418817
1418817
1418817
1418817
1418817
1418817
1418817
1418817
1418817
1418817
1418817
1418817
1418817
1418817
1418817
1418817
1418817
1418817
1418817
1418817
1418817
1418817
1418817
1418817
1418817
1418817
1418817
1418817
1421013
1421013
1421013
1421013
1421013
1421013
1421013
1421013
1421013
1421013
1421013
1421013
1421013
1421013
1421013
1421013
1421013
