1744021
1744021
1744021
1745507
1745507
1745507
1745507
1745507
1745507
1745507
1745507
1745507
1745507
1745507
1745507
1745507
1745507
1745507
1745507
1745507
1745507
1745507
1745507
1937621
1937621
1938102
1938102
1938102
1938102
1938102
1938102
1938102
1938102
1938102
1938102
1938102
1938102
1938102
1938102
1938102
1938102
1938102
1938102
1938102
1938102
1938102
1938102
1938102
1938102
1938102
1938102
1938102
1938102
1938102
1938102
1938102
1938102
1938102
1938102
1938102
1938102
1938102
1938102
1938102
1938102
1938102
1938102
1938102
1938102
1938102
1938102
1938102
1938102
1938102
1938102
1938102
1938102
1938102
1938102
1938102
1938591
1938591
1938591
1940236
1941278
1941278
1941278
1941278
1941278
1941278
1941278
1941278
1941278
1941278
1941278
1941278
1941278
1941278
1941278
1941278
1941278
