409779
409779
409779
409808
409808
409808
409808
409808
409808
409808
409808
409808
409808
409808
409808
409808
409808
409808
409808
409808
409808
409808
409808
460602
460602
460689
460689
460689
460689
460689
460689
460689
460689
460689
460689
460689
460689
460689
460689
460689
460689
460689
460689
460689
460689
460689
460689
460689
460689
460689
460689
460689
460718
460718
460718
460718
460718
460718
460718
460718
460718
460718
460718
460718
460718
460718
460718
460718
460718
460718
460718
460718
460718
460718
460718
460718
460718
460718
460718
460747
460747
460747
460747
460747
460747
460747
460747
460747
460747
460747
460747
460747
460747
460747
460747
460747
460747
460747
460747
460747
460747
