2763
2763
2763
2763
2763
2763
2763
2763
2763
2763
2763
2763
2763
2763
2763
2763
2763
2763
2763
2763
2763
2763
2763
3070
3070
3070
3070
3070
3070
3070
3070
3070
3070
3070
3070
3070
3070
3070
3070
3070
3070
3070
3070
3070
3070
3070
3070
3070
3070
3070
3070
3070
3070
3070
3070
3070
3070
3070
3070
3070
3070
3070
3070
3070
3070
3070
3070
3070
3070
3070
3070
3070
3070
3070
3070
3070
3070
3070
3070
3070
3070
3070
3070
3070
3070
3070
3070
3070
3070
3070
3070
3070
3070
3070
3070
3070
3070
3070
3070
3070
3070
