1150979
1150979
1150979
1151008
1151008
1151008
1151008
1151008
1151008
1151008
1151008
1151008
1151008
1151008
1151008
1151008
1151008
1151008
1151008
1151008
1151008
1151008
1151008
1327240
1327240
1327327
1327327
1327327
1327327
1327327
1327327
1327327
1327327
1327327
1327327
1327327
1327327
1327327
1327327
1327327
1327327
1327327
1327327
1327327
1327327
1327327
1327327
1327327
1327327
1327327
1327327
1327327
1327356
1327356
1327356
1327356
1327356
1327356
1327356
1327356
1327356
1327356
1327356
1327356
1327356
1327356
1327356
1327356
1327356
1327356
1327356
1327356
1327356
1327356
1327356
1327356
1327356
1327356
1327356
1327385
1327385
1327385
1327385
1327385
1327385
1327385
1327385
1327385
1327385
1327385
1327385
1327385
1327385
1327385
1327385
1327385
1327385
1327385
1327385
1327385
1327385
