1580
1580
1580
1580
1580
1580
1580
1580
1580
1580
1580
1580
1580
1580
1580
1580
1580
1580
1580
1580
1580
1580
1580
1738
1738
1738
1738
1738
1738
1738
1738
1738
1738
1738
1738
1738
1738
1738
1738
1738
1738
1738
1738
1738
1738
1738
1738
1738
1738
1738
1738
1738
1738
1738
1738
1738
1738
1738
1738
1738
1738
1738
1738
1738
1738
1738
1738
1738
1738
1738
1738
1738
1738
1738
1738
1738
1738
1738
1738
1738
1738
1738
1738
1738
1738
1738
1738
1738
1738
1738
1738
1738
1738
1738
1738
1738
1738
1738
1738
1738
1738
