9340
9340
9340
9340
9340
9340
9340
9340
9340
9340
9340
9340
9340
9340
9340
9340
9340
9340
9340
9340
9340
9340
9340
10075
10075
10075
10075
10075
10075
10075
10075
10075
10075
10075
10075
10075
10075
10075
10075
10075
10075
10075
10075
10075
10075
10075
10075
10075
10075
10075
10075
10075
10075
10075
10075
10075
10075
10075
10075
10075
10075
10075
10075
10075
10075
10075
10075
10075
10075
10075
10075
10075
10075
10075
10075
10075
10075
10075
10075
10075
10075
10075
10075
10075
10075
10075
10075
10075
10075
10075
10075
10075
10075
10075
10075
10075
10075
10075
10075
10075
10075
