9966152
9966152
9966152
9966152
9966152
9966152
9966152
9966152
9966152
9966152
9966152
9966152
9966152
9966152
9966152
9966152
9966152
9966152
9966152
9966152
9966152
9966152
9966152
10427967
10427967
10427967
10427967
10427967
10427967
10427967
10427967
10427967
10427967
10427967
10427967
10427967
10427967
10427967
10427967
10427967
10427967
10427967
10427967
10427967
10427967
10427967
10427967
10427967
10427967
10427967
10427967
10427967
10427967
10427967
10427967
10427967
10427967
10427967
10427967
10427967
10427967
10427967
10427967
10427967
10427967
10427967
10427967
10427967
10427967
10427967
10427967
10427967
10427967
10427967
10427967
10427967
10427967
10427967
10427967
10427967
10427967
10427967
10427967
10427967
10427967
10427967
10427967
10427967
10427967
10427967
10427967
10427967
10427967
10427967
10427967
10427967
10427967
10427967
10427967
10427967
10427967
