1720633
1720633
1720633
1720633
1720633
1720633
1720633
1720633
1720633
1720633
1720633
1720633
1720633
1720633
1720633
1720633
1720633
1720633
1720633
1720633
1720633
1720633
1720633
1790684
1790684
1790684
1790684
1790684
1790684
1790684
1790684
1790684
1790684
1790684
1790684
1790684
1790684
1790684
1790684
1790684
1790684
1790684
1790684
1790684
1790684
1790684
1790684
1790684
1790684
1790684
1790684
1790684
1790684
1790684
1790684
1790684
1790684
1790684
1790684
1790684
1790684
1790684
1790684
1790684
1790684
1790684
1790684
1790684
1790684
1790684
1790684
1790684
1790684
1790684
1790684
1790684
1790684
1790684
1790684
1790684
1790684
1790684
1790684
1790684
1790684
1790684
1790684
1790684
1790684
1790684
1790684
1790684
1790684
1790684
1790684
1790684
1790684
1790684
1790684
1790684
1790684
