253185
253185
253185
253185
253185
253185
253185
253185
253185
253185
253185
253185
253185
253185
253185
253185
253185
253185
253185
253185
253185
253185
253185
276275
276275
276275
276275
276275
276275
276275
276275
276275
276275
276275
276275
276275
276275
276275
276275
276275
276275
276275
276275
276275
276275
276275
276275
276275
276275
276275
276275
276275
276275
276275
276275
276275
276275
276275
276275
276275
276275
276275
276275
276275
276275
276275
276275
276275
276275
276275
276275
276275
276275
276275
276275
276275
276275
276275
276275
276275
276275
276275
276275
276275
276275
276275
276275
276275
276275
276275
276275
276275
276275
276275
276275
276275
276275
276275
276275
276275
276275
