3518374
3518374
3518374
3518374
3518374
3518374
3518374
3518374
3518374
3518374
3518374
3518374
3518374
3518374
3518374
3518374
3518374
3518374
3518374
3518374
3518374
3518374
3518374
3529204
3529204
3529204
3529204
3529204
3529204
3529204
3529204
3529204
3529204
3529204
3529204
3529204
3529204
3529204
3529204
3529204
3529204
3529204
3529204
3529204
3529204
3529204
3529204
3529204
3529204
3529204
3529204
3529204
3529204
3529204
3529204
3529204
3529204
3529204
3529204
3529204
3529204
3529204
3529204
3529204
3529204
3529204
3529204
3529204
3529204
3529204
3529204
3529204
3529204
3529204
3529204
3529204
3529204
3529204
3529204
3529204
3529204
3529204
3529204
3529204
3529204
3529204
3529204
3529204
3529204
3529204
3529204
3529204
3529204
3529204
3529204
3529204
3529204
3529204
3529204
3529204
3529204
