146941
146941
146941
146941
146941
146941
146941
146941
146941
146941
146941
146941
146941
146941
146941
146941
146941
146941
146941
146941
146941
146941
146941
148401
148401
148401
148401
148401
148401
148401
148401
148401
148401
148401
148401
148401
148401
148401
148401
148401
148401
148401
148401
148401
148401
148401
148401
148401
148401
148401
148401
148401
148401
148401
148401
148401
148401
148401
148401
148401
148401
148401
148401
148401
148401
148401
148401
148401
148401
148401
148401
148401
148401
148401
148401
148401
148401
148401
148401
148401
148401
148401
148401
148401
148401
148401
148401
148401
148401
148401
148401
148401
148401
148401
148401
148401
148401
148401
148401
148401
148401
