20464
20464
20464
20464
20464
20464
20464
20464
20464
20464
20464
20464
20464
20464
20464
20464
20464
20464
20464
20464
20464
20464
20464
21358
21358
21358
21358
21358
21358
21358
21358
21358
21358
21358
21358
21358
21358
21358
21358
21358
21358
21358
21358
21358
21358
21358
21358
21358
21358
21358
21358
21358
21358
21358
21358
21358
21358
21358
21358
21358
21358
21358
21358
21358
21358
21358
21358
21358
21358
21358
21358
21358
21358
21358
21358
21358
21358
21358
21358
21358
21358
21358
21358
21358
21358
21358
21358
21358
21358
21358
21358
21358
21358
21358
21358
21358
21358
21358
21358
21358
21358
