18549
18549
18549
18549
18549
18549
18549
18549
18549
18549
18549
18549
18549
18549
18549
18549
18549
18549
18549
18549
18549
18549
18549
19551
19551
19551
19551
19551
19551
19551
19551
19551
19551
19551
19551
19551
19551
19551
19551
19551
19551
19551
19551
19551
19551
19551
19551
19551
19551
19551
19551
19551
19551
19551
19551
19551
19551
19551
19551
19551
19551
19551
19551
19551
19551
19551
19551
19551
19551
19551
19551
19551
19551
19551
19551
19551
19551
19551
19551
19551
19551
19551
19551
19551
19551
19551
19551
19551
19551
19551
19551
19551
19551
19551
19551
19551
19551
19551
19551
19551
19551
