12777
12777
12777
12777
12777
12777
12777
12777
12777
12777
12777
12777
12777
12777
12777
12777
12777
12777
12777
12777
12777
12777
12777
13310
13310
13310
13310
13310
13310
13310
13310
13310
13310
13310
13310
13310
13310
13310
13310
13310
13310
13310
13310
13310
13310
13310
13310
13310
13310
13310
13310
13310
13310
13310
13310
13310
13310
13310
13310
13310
13310
13310
13310
13310
13310
13310
13310
13310
13310
13310
13310
13310
13310
13310
13310
13310
13310
13310
13310
13310
13310
13310
13310
13310
13310
13310
13310
13310
13310
13310
13310
13310
13310
13310
13310
13310
13310
13310
13310
13310
13310
