674958
674958
674958
674958
674958
674958
674958
674958
674958
674958
674958
674958
674958
674958
674958
674958
674958
674958
674958
674958
674958
674958
674958
1057534
1058982
1065146
1065146
1065146
1065146
1065146
1065146
1065146
1065146
1065146
1065146
1065146
1065146
1065146
1065146
1065146
1065146
1065146
1065146
1065146
1065146
1065146
1065146
1065146
1065146
1065146
1065146
1065146
1065146
1065146
1065146
1066221
1066221
1066605
1066605
1066605
1066605
1066605
1066605
1066605
1066605
1066605
1066605
1066605
1066605
1066605
1066605
1066605
1066605
1066605
1066605
1066605
1066605
1066605
1066605
1066605
1066605
1066605
1066605
1066605
1066605
1066605
1066605
1066605
1066605
1066605
1066605
1066605
1066605
1066605
1066605
1066605
1066605
1066605
1066605
1066605
1066605
