234413
234413
234413
234413
234413
234413
234413
234413
234413
234413
234413
234413
234413
234413
234413
234413
234413
234413
234413
234413
234413
234413
234413
246896
246896
246896
246896
246896
246896
246896
246896
246896
246896
246896
246896
246896
246896
246896
246896
246896
246896
246896
246896
246896
246896
246896
246896
246896
246896
246896
246896
246896
246896
246896
246896
246896
246896
246896
246896
246896
246896
246896
246896
246896
246896
246896
246896
246896
246896
246896
246896
246896
246896
246896
246896
246896
246896
246896
246896
246896
246896
246896
246896
246896
246896
246896
246896
246896
246896
246896
246896
246896
246896
246896
246896
246896
246896
246896
246896
246896
246896
