3068161
3068161
3068161
3068161
3068161
3068161
3068161
3068161
3068161
3068161
3068161
3068161
3068161
3068161
3068161
3068161
3068161
3068161
3068161
3068161
3068161
3068161
3068161
3099845
3099845
3099845
3099845
3099845
3099845
3099845
3099845
3099845
3099845
3099845
3099845
3099845
3099845
3099845
3099845
3099845
3099845
3099845
3099845
3099845
3099845
3099845
3099845
3099845
3099845
3099845
3099845
3099845
3099845
3099845
3099845
3099845
3099845
3099845
3099845
3099845
3099845
3099845
3099845
3099845
3099845
3099845
3099845
3099845
3099845
3099845
3099845
3099845
3099845
3099845
3099845
3099845
3099845
3099845
3099845
3099845
3099845
3099845
3099845
3099845
3099845
3099845
3099845
3099845
3099845
3099845
3099845
3099845
3099845
3099845
3099845
3099845
3099845
3099845
3099845
3099845
3099845
