156463
156463
156463
156463
156463
156463
156463
156463
156463
156463
156463
156463
156463
156463
156463
156463
156463
156463
156463
156463
156463
156463
156463
238414
238611
240177
240177
240177
240177
240177
240177
240177
240177
240177
240177
240177
240177
240177
240177
240177
240177
240177
240177
240177
240177
240177
240177
240177
240177
240177
240177
240177
240177
240177
240177
240363
240363
240554
240821
240821
240821
240821
240821
240821
240821
240821
240821
240821
240821
240821
240821
240821
240821
240821
240821
240821
240821
240821
240821
240821
240821
240821
240821
240821
240821
240821
240821
240821
240821
240821
240821
240821
240821
240821
240821
240821
240821
240821
240821
240821
240821
