1512699
1512699
1512699
1512699
1512699
1512699
1512699
1512699
1512699
1512699
1512699
1512699
1512699
1512699
1512699
1512699
1512699
1512699
1512699
1512699
1512699
1512699
1512699
1866005
1866005
1866005
1866005
1866005
1866005
1866005
1866005
1866005
1866005
1866005
1866005
1866005
1866005
1866005
1866005
1866005
1866005
1866005
1866005
1866005
1866005
1866005
1866005
1866005
1866005
1866005
1866005
1866005
1866005
1866005
1866005
1866005
1866005
1866005
1866005
1866005
1866005
1866005
1866005
1866005
1866005
1866005
1866005
1866005
1866005
1866005
1866005
1866005
1866005
1866005
1866005
1866005
1866005
1866005
1866005
1866005
1866005
1866005
1866005
1866005
1866005
1866005
1866005
1866005
1866005
1866005
1866005
1866005
1866005
1866005
1866005
1866005
1866005
1866005
1866005
1866005
1866005
