8478
8478
8478
8478
8478
8478
8478
8478
8478
8478
8478
8478
8478
8478
8478
8478
8478
8478
8478
8478
8478
8478
8478
9131
9131
9131
9131
9131
9131
9131
9131
9131
9131
9131
9131
9131
9131
9131
9131
9131
9131
9131
9131
9131
9131
9131
9131
9131
9131
9131
9131
9131
9131
9131
9131
9131
9131
9131
9131
9131
9131
9131
9131
9131
9131
9131
9131
9131
9131
9131
9131
9131
9131
9131
9131
9131
9131
9131
9131
9131
9131
9131
9131
9131
9131
9131
9131
9131
9131
9131
9131
9131
9131
9131
9131
9131
9131
9131
9131
9131
9131
