403786014
403786014
403786014
403786014
403786014
403786014
403786014
403786014
403786014
403786014
403786014
403786014
403786014
403786014
403786014
403786014
403786014
403786014
403786014
403786014
403786014
403786014
403786014
404042954
404042954
404042954
404042954
404042954
404042954
404042954
404042954
404042954
404042954
404042954
404042954
404042954
404042954
404042954
404042954
404042954
404042954
404042954
404042954
404042954
404042954
404042954
404042954
404042954
404042954
404042954
404042954
404042954
404042954
404042954
404042954
404042954
404042954
404042954
404042954
404042954
404042954
404042954
404042954
404042954
404042954
404042954
404042954
404042954
404042954
404042954
404042954
404042954
404042954
404042954
404042954
404042954
404042954
404042954
404042954
404042954
404042954
404042954
404042954
404042954
404042954
404042954
404042954
404042954
404042954
404042954
404042954
404042954
404042954
404042954
404042954
404042954
404042954
404042954
404042954
404042954
