596054
596054
596688
596688
596688
596688
596688
596723
596723
596723
596723
596723
596723
596723
596723
596723
596723
596906
596906
596906
596906
596906
596906
683035
683035
683210
683210
683210
683210
683210
683210
683210
683210
683210
683210
683210
683210
683210
683210
683210
683210
683210
683210
683210
683210
683210
683245
683245
683245
683245
683245
683245
683245
683245
683245
683245
683245
683245
683245
683245
683245
683245
683245
683280
683280
683280
683280
683280
683280
683280
683280
683280
683280
683280
683280
683280
683280
683280
683280
683315
683315
683315
683315
683315
683508
683508
683508
683508
683508
683508
683508
683508
683543
683543
683543
683543
683543
683543
683543
683543
683543
