61599
61599
61599
61599
61599
61599
61599
61599
61599
61599
61599
61599
61599
61599
61599
61599
61599
61599
61599
61599
61599
61599
61599
66348
66348
66348
66348
66348
66348
66348
66348
66348
66348
66348
66348
66348
66348
66348
66348
66348
66348
66348
66348
66348
66348
66348
66348
66348
66348
66348
66348
66348
66348
66348
66348
66348
66348
66348
66348
66348
66348
66348
66348
66348
66348
66348
66348
66348
66348
66348
66348
66348
66348
66348
66348
66348
66348
66348
66348
66348
66348
66348
66348
66348
66348
66348
66348
66348
66348
66348
66348
66348
66348
66348
66348
66348
66348
66348
66348
66348
66348
