899029
899029
901254
901254
901254
901254
901254
901343
901343
901343
901343
901343
901343
901343
901343
901343
901343
902511
902511
902511
902511
902511
902511
1108423
1108423
1108975
1108975
1108975
1108975
1108975
1108975
1108975
1108975
1108975
1108975
1108975
1108975
1108975
1108975
1108975
1108975
1108975
1108975
1108975
1108975
1109085
1109085
1109085
1109085
1109085
1109085
1109085
1109085
1109085
1109085
1109085
1109085
1109085
1109085
1109085
1109085
1109085
1109197
1109197
1109197
1109197
1109197
1109197
1109197
1109197
1109197
1109197
1109197
1109197
1109197
1109197
1109197
1109197
1109197
1109308
1109308
1109308
1109308
1109308
1109308
1109308
1109308
1109308
1109308
1109308
1109308
1109308
1109417
1109417
1109417
1109417
1109417
1109417
1109417
1109417
1109417
