47220770
47220770
47220770
47220770
47220770
47220770
47220770
47220770
47220770
47220770
47220770
47220770
47220770
47220770
47220770
47220770
47225296
47225296
47225296
47225296
47225296
47225296
47225296
51684906
51684906
51885495
51885495
51886061
51886061
51886061
51886061
51886061
51886061
51886061
51886061
51886061
51886061
51886061
51886061
51886061
51886061
51886316
51886571
51889745
51889745
51892465
51892465
51892705
51892705
51898151
51898637
51898884
51899115
51903976
51904288
51904288
51904288
51907008
51907320
51907320
51907320
51907320
51907320
51907320
51912206
51912206
51912206
51915625
51915625
51916304
51916304
51916616
51916616
51916616
51916616
51916616
51920639
51920639
51920934
51920934
51920934
51920934
51920934
51920934
51920934
51920934
51920934
51920934
51920934
51920934
51920934
51925156
51925156
51925156
51925156
51925156
51925156
51925156
51925156
51925156
