5018884
5018884
5018884
5018884
5018884
5018884
5018884
5018884
5018884
5018884
5018884
5018884
5018884
5018884
5018884
5018884
5019546
5019546
5019546
5019546
5019546
5019546
5019546
5756602
5756602
5774075
5774075
5774075
5774075
5774075
5774075
5774075
5774075
5774075
5774075
5774075
5774075
5774075
5774075
5774075
5774075
5774326
5774577
5775490
5775490
5776251
5776251
5776882
5776882
5779324
5781146
5782717
5782984
5786498
5787818
5787818
5787818
5789073
5789914
5789914
5790237
5790237
5790488
5790488
5791286
5791876
5792468
5792468
5792468
5792719
5792719
5793565
5793565
5793565
5793565
5793565
5793888
5793888
5793888
5793888
5793888
5793888
5793888
5793888
5793888
5793888
5793888
5793888
5793888
5793888
5793888
5794550
5794550
5794550
5794550
5794550
5794550
5794550
5794550
5794550
