13114417
13114417
13114417
13114417
13114417
13114417
13114417
13114417
13114417
13114417
13114417
13114417
13114417
13114417
13114417
13114417
13114417
13114417
13114417
13114417
13114417
13114417
13114417
19018454
19018454
19018454
19018454
19018454
19018454
19018454
19018454
19018454
19018454
19018454
19018454
19018454
19018454
19018454
19018454
19018454
19018454
19018454
19018454
19018454
19018454
19018454
19018454
19018454
19018454
19018454
19018454
19018454
19018454
19018454
19018454
19018454
19018454
19018454
19018454
19018454
19018454
19018454
19018454
19018454
19018454
19018454
19018454
19018454
19018454
19018454
19018454
19018454
19018454
19018454
19018454
19018454
19018454
19018454
19018454
19018454
19018454
19018454
19018454
19018454
19018454
19018454
19018454
19018454
19018454
19018454
19018454
19018454
19018454
19018454
19018454
19018454
19018454
19018454
