81177
81177
81177
81177
81177
81177
81177
81177
81177
81177
81177
81177
81177
81177
81177
81177
81177
81177
81177
81177
81177
81177
81177
134619
134619
134619
134619
134619
134619
134619
134619
134619
134619
134619
134619
134673
134673
135236
135236
135236
135386
135386
135386
135535
135665
135665
135665
135665
135665
135665
135665
135665
135665
135665
135665
135665
135665
135665
135665
135665
135665
135665
135665
135665
135665
135665
135665
135665
135665
135665
135665
135665
135665
135665
135665
135665
135665
135665
135665
135665
135665
135665
135665
135665
135665
135665
135665
135665
135665
135665
135665
135665
135665
135665
135665
135665
135665
135665
