347749
347749
347749
347749
347749
347749
347749
347749
347749
347749
347749
347749
347749
347749
347749
347749
347749
347749
347749
347749
347749
347749
347749
348109
348109
348109
348109
348109
348109
348109
348109
348109
348109
348109
348109
348109
348109
348109
348109
348109
348109
348109
348109
348109
348109
348109
348109
348109
348109
348109
348109
348109
348109
348109
348109
348109
348109
348109
348109
348109
348109
348109
348109
348109
348109
348109
348109
348109
348109
348109
348109
348109
348109
348109
348109
348109
348109
348109
348109
348109
348109
348109
348109
348109
348109
348109
348109
348109
348109
348109
348109
348109
348109
348109
348109
348109
348109
348109
