48002369
48002369
48002385
48002385
48002385
48002385
48002385
48002385
48002385
48002385
48002385
48002385
48002385
48002385
48002385
48002385
48002385
48002385
48002385
48002401
48002401
48002401
48002401
56484540
56484540
56484620
56484620
56484620
56484620
56484620
56484620
56484620
56484620
56484636
56484636
56484636
56484636
56484636
56484636
56484636
56484636
56484636
56484636
56484636
56484636
56484636
56484636
56484636
56484636
56484636
56484636
56484636
56484652
56484652
56484652
56484652
56484652
56484652
56484652
56484652
56484652
56484652
56484652
56484652
56484652
56484652
56484668
56484668
56484668
56484668
56484668
56484668
56484668
56484668
56484668
56484668
56484668
56484668
56484668
56484668
56484684
56484684
56484684
56484684
56484684
56484684
56484684
56484684
56484684
56484684
56484684
56484684
56484700
56484700
56484700
56484700
56484700
56484700
56484700
