2301386435
2301386435
2301386435
2301386435
2301386435
2301386435
2301386435
2301386435
2301386435
2301386435
2301386435
2301386435
2301386435
2301386435
2301386435
2301386435
2301386435
2301386435
2301386435
2301386435
2301386435
2301386435
2301386435
2301610170
2301610170
2301610170
2301610170
2301610170
2301610170
2301610170
2301610170
2301610170
2301610170
2301610170
2301610170
2301610170
2301610170
2301610170
2301610170
2301610170
2301610170
2301610170
2301610170
2301610170
2301610170
2301610170
2301610170
2301610170
2301610170
2301610170
2301610170
2301610170
2301610170
2301610170
2301610170
2301610170
2301610170
2301610170
2301610170
2301610170
2301610170
2301610170
2301610170
2301610170
2301610170
2301610170
2301610170
2301610170
2301610170
2301610170
2301610170
2301610170
2301610170
2301610170
2301610170
2301610170
2301610170
2301610170
2301610170
2301610170
2301610170
2301610170
2301610170
2301610170
2301610170
2301610170
2301610170
2301610170
2301610170
2301610170
2301610170
2301610170
2301610170
2301610170
2301610170
2301610170
2301610170
2301610170
2301610170
