2380936193
2380936193
2380936193
2380936193
2380936193
2380936193
2380936193
2380936193
2380936193
2380936193
2380936193
2380936193
2380936193
2380936193
2380936193
2380936193
2380936193
2380936193
2380936193
2380936193
2380936193
2380936193
2380936193
2387803860
2387803860
2387803860
2387803860
2387803860
2387803860
2387803860
2387803860
2387803860
2387803860
2387803860
2387803860
2387803860
2387803860
2387803860
2387803860
2387803860
2387803860
2387803860
2387803860
2387803860
2387803860
2387803860
2387803860
2387803860
2387803860
2387803860
2387803860
2387803860
2387803860
2387803860
2387803860
2387803860
2387803860
2387803860
2387803860
2387803860
2387803860
2387803860
2387803860
2387803860
2387803860
2387803860
2387803860
2387803860
2387803860
2387803860
2387803860
2387803860
2387803860
2387803860
2387803860
2387803860
2387803860
2387803860
2387803860
2387803860
2387803860
2387803860
2387803860
2387803860
2387803860
2387803860
2387803860
2387803860
2387803860
2387803860
2387803860
2387803860
2387803860
2387803860
2387803860
2387803860
2387803860
2387803860
2387803860
