3322146
3322146
3322162
3322162
3322162
3322162
3322162
3322162
3322162
3322162
3322162
3322162
3322162
3322162
3322162
3322162
3322162
3322162
3322162
3322178
3322178
3322178
3322178
3534904
3534904
3534984
3534984
3534984
3534984
3534984
3534984
3534984
3534984
3535000
3535000
3535000
3535000
3535000
3535000
3535000
3535000
3535000
3535000
3535000
3535000
3535000
3535000
3535000
3535000
3535000
3535000
3535000
3535016
3535016
3535016
3535016
3535016
3535016
3535016
3535016
3535016
3535016
3535016
3535016
3535016
3535016
3535032
3535032
3535032
3535032
3535032
3535032
3535032
3535032
3535032
3535032
3535032
3535032
3535032
3535032
3535048
3535048
3535048
3535048
3535048
3535048
3535048
3535048
3535048
3535048
3535048
3535048
3535064
3535064
3535064
3535064
3535064
3535064
3535064
