786304835
786304835
786304835
786304835
786304835
786304835
786304835
786304835
786304835
786304835
786304835
786304835
786304835
786304835
786304835
786304835
786304835
786304835
786304835
786304835
786304835
786304835
786304835
786346243
786346243
786346243
786346243
786346243
786346243
786346243
786346243
786346243
786346243
786346243
786346243
786346243
786346243
786346243
786346243
786346243
786346243
786346243
786346243
786346243
786346243
786346243
786346243
786346243
786346243
786346243
786346243
786346243
786346243
786346243
786346243
786346243
786346243
786346243
786346243
786346243
786346243
786346243
786346243
786346243
786346243
786346243
786346243
786346243
786346243
786346243
786346243
786346243
786346243
786346243
786346243
786346243
786346243
786346243
786346243
786346243
786346243
786346243
786346243
786346243
786346243
786346243
786346243
786346243
786346243
786346243
786346243
786346243
786346243
786346243
786346243
786346243
786346243
786346243
786346243
