832963
832963
832963
832963
833017
833017
833017
833017
833017
833017
833017
833017
833017
833071
833071
833071
833071
833071
833125
833125
833125
833125
833125
1052527
1052527
1053175
1053175
1053175
1053175
1053175
1053175
1053175
1053175
1053175
1053175
1053287
1053287
1056738
1056738
1056738
1056888
1056888
1056888
1057126
1057547
1057614
1057614
1057614
1057614
1057614
1057668
1057668
1057668
1057668
1057668
1057668
1057668
1057722
1057722
1057722
1057722
1057722
1057722
1057776
1057776
1057776
1057776
1057776
1057776
1057776
1057830
1057830
1057830
1057830
1057830
1057884
1057884
1057884
1057884
1057884
1057884
1057938
1057938
1057938
1057938
1057938
1057938
1057938
1057992
1057992
1057992
1058046
1058046
1058046
1058046
1058046
1058046
1058046
