18467
18467
18467
18467
18467
18467
18467
18467
18467
18467
18467
18467
18467
18467
18467
18467
18467
18467
18467
18467
18467
18467
18467
19812
19812
19812
19812
19812
19812
19812
19812
19812
19812
19812
19812
19812
19812
19812
19812
19812
19812
19812
19812
19812
19812
19812
19812
19812
19812
19812
19812
19812
19812
19812
19812
19812
19812
19812
19812
19812
19812
19812
19812
19812
19812
19812
19812
19812
19812
19812
19812
19812
19812
19812
19812
19812
19812
19812
19812
19812
19812
19812
19812
19812
19812
19812
19812
19812
19812
19812
19812
19812
19812
19812
19812
19812
19812
19812
