30418
30418
30418
30418
30418
30418
30418
30418
30418
30418
30418
30418
30418
30418
30418
30418
30418
30418
30418
30418
30418
30418
30418
33090
33090
33090
33090
33090
33090
33090
33090
33090
33090
33090
33090
33090
33090
33090
33090
33090
33090
33090
33090
33090
33090
33090
33090
33090
33090
33090
33090
33090
33090
33090
33090
33090
33090
33090
33090
33090
33090
33090
33090
33090
33090
33090
33090
33090
33090
33090
33090
33090
33090
33090
33090
33090
33090
33090
33090
33090
33090
33090
33090
33090
33090
33090
33090
33090
33090
33090
33090
33090
33090
33090
33090
33090
33090
33090
